NAME	= ResampledElev [Gaussian Filter]
DESCRIPTION	= 
UNIT	= 
DATAFORMAT	= FLOAT
DATAFILE_OFFSET	= 0
BYTEORDER_BIG	= FALSE
TOPTOBOTTOM	= FALSE
POSITION_XMIN	= -78.9099874036
POSITION_YMIN	= 38.9747497881
CELLCOUNT_X	= 1301
CELLCOUNT_Y	= 590
CELLSIZE	= 0.0000195763
Z_FACTOR	= 1.000000
Z_OFFSET	= 0.000000
NODATA_VALUE	= -340282346638528859811704183484516925440.000000
